0.482784
0.424908
0.391941
0.391453
0.439072
0.517460
0.579731
0.593162
0.562393
0.511355
0.468132
0.461050
0.479121
0.503785
0.526007
0.508669
0.463736
0.463980
0.523810
0.547985
0.524298
0.488401
0.461294
0.438095
0.422955
0.433455
0.478633
0.530159
0.547253
0.513309
0.422711
0.329670
0.298901
0.354823
0.461783
0.555556
0.608547
0.624176
0.612454
0.600244
0.613675
0.629304
0.632967
0.611233
0.547009
0.452503
0.404884
0.428327
0.502808
0.546276
0.516239
0.464713
0.402198
0.358242
0.407326
0.532357
0.666667
0.728938
0.680098
0.586325
0.532845
0.579243
0.665201
0.702808
0.501099
0.513065
0.469597
0.407570
0.349695
0.340171
0.387057
0.463248
0.521123
0.543101
0.522344
0.485959
0.466667
0.459585
0.485226
0.523077
0.514042
0.455433
0.447131
0.498657
0.537729
0.549206
0.543590
0.527473
0.496215
0.454212
0.430281
0.450549
0.510379
0.578266
0.604396
0.545788
0.425641
0.313065
0.263492
0.288156
0.344811
0.401954
0.445421
0.452259
0.463248
0.488401
0.536020
0.592918
0.640293
0.623199
0.541880
0.460073
0.430769
0.486691
0.538706
0.549939
0.521612
0.427106
0.302076
0.248596
0.294506
0.427350
0.542369
0.567033
0.505495
0.438095
0.463980
0.556777
0.521612
0.553114
0.565568
0.550672
0.540904
0.540659
0.551160
0.573382
0.600733
0.639560
0.673748
0.662027
0.599267
0.524786
0.467888
0.452015
0.455678
0.446154
0.433944
0.454945
0.491087
0.525275
0.543834
0.554579
0.554090
0.535775
0.506227
0.485226
0.488645
0.520879
0.553114
0.563370
0.552137
0.518926
0.478388
0.475702
0.508669
0.537729
0.548474
0.536508
0.507448
0.466667
0.409524
0.379731
0.419292
0.509402
0.576801
0.583394
0.544078
0.496459
0.496948
0.545788
0.594383
0.590965
0.517705
0.428816
0.393651
0.422466
0.475946
0.510134
0.502808
0.441758
0.367277
0.323565
0.487912
0.463492
0.480098
0.488889
0.477656
0.459585
0.440781
0.429548
0.430769
0.443468
0.496948
0.581197
0.640781
0.648107
0.615629
0.568987
0.545788
0.537241
0.499634
0.457875
0.439560
0.444200
0.461783
0.479609
0.506227
0.531868
0.533822
0.515263
0.481807
0.462271
0.476679
0.510134
0.548230
0.570696
0.554090
0.510379
0.489377
0.502808
0.530403
0.565079
0.586081
0.596825
0.575824
0.499634
0.411233
0.384371
0.434432
0.508913
0.553358
0.542613
0.493773
0.477656
0.521856
0.607814
0.668376
0.643712
0.567033
0.501343
0.486691
0.520635
0.576557
0.613431
0.586569
0.508913
0.483028
0.423443
0.390232
0.391697
0.440537
0.516728
0.579243
0.595116
0.562882
0.510134
0.469109
0.462271
0.478877
0.503541
0.527717
0.509158
0.462759
0.463248
0.524542
0.547741
0.523077
0.489866
0.460562
0.436386
0.423443
0.434676
0.478388
0.527961
0.548230
0.513065
0.422955
0.328694
0.300366
0.353114
0.461783
0.557021
0.608303
0.622711
0.612943
0.601221
0.611722
0.628083
0.635165
0.610501
0.546276
0.452991
0.406838
0.427350
0.501343
0.546276
0.515751
0.462515
0.402686
0.359951
0.406349
0.533822
0.668864
0.728694
0.678388
0.586081
0.531624
0.577045
0.663736
0.703297
0.501343
0.512088
0.470086
0.407082
0.350672
0.339927
0.388034
0.463004
0.521612
0.541636
0.522833
0.486447
0.465934
0.460806
0.485959
0.523077
0.512821
0.456410
0.447131
0.497680
0.537973
0.548962
0.543590
0.526740
0.494994
0.455678
0.429060
0.450794
0.511355
0.579731
0.603419
0.545543
0.424908
0.311600
0.263980
0.290110
0.344078
0.401221
0.443956
0.453724
0.462515
0.487668
0.537241
0.592918
0.639072
0.622222
0.541148
0.458852
0.432967
0.487668
0.538217
0.547741
0.521368
0.425397
0.303785
0.246886
0.295238
0.426862
0.543101
0.567766
0.506227
0.437607
0.462271
0.558242
0.521856
0.553358
0.564591
0.551648
0.541148
0.541392
0.549695
0.572650
0.602198
0.637851
0.671795
0.662515
0.599267
0.522344
0.467888
0.452747
0.455678
0.445910
0.433700
0.454212
0.492064
0.526252
0.544811
0.553602
0.554823
0.536020
0.507204
0.485714
0.488156
0.520879
0.551648
0.565324
0.553114
0.517460
0.476435
0.474481
0.509646
0.535287
0.548962
0.538706
0.507692
0.465690
0.410501
0.380952
0.417827
0.509890
0.578266
0.583394
0.542125
0.496703
0.496948
0.545055
0.595604
0.592186
0.516484
0.428083
0.395849
0.422711
0.474481
0.511111
0.504274
0.441758
0.366056
0.324542
0.486935
0.463004
0.479854
0.487668
0.476923
0.460317
0.442002
0.429548
0.429304
0.444444
0.496459
0.582173
0.641514
0.648840
0.614652
0.570696
0.547009
0.535287
0.499145
0.458120
0.439560
0.443468
0.461538
0.480342
0.506227
0.530891
0.534799
0.515263
0.480830
0.461050
0.478633
0.511355
0.548230
0.571429
0.554823
0.510379
0.488401
0.502808
0.529915
0.565079
0.587546
0.596825
0.574847
0.499145
0.411722
0.384127
0.435409
0.508913
0.552137
0.544078
0.494506
0.477656
0.521612
0.607570
0.667399
0.644200
0.567277
0.501832
0.486691
0.519170
0.576313
0.613431
0.587302
0.509402
0.482051
0.422955
0.391941
0.391697
0.437851
0.516728
0.579976
0.593895
0.562149
0.512821
0.468620
0.461538
0.478877
0.505006
0.527717
0.508425
0.464713
0.464957
0.522833
0.547253
0.524542
0.487668
0.458852
0.437118
0.422955
0.433455
0.478144
0.529915
0.546520
0.512332
0.423443
0.330403
0.298413
0.354335
0.463248
0.556777
0.608059
0.624908
0.612698
0.600000
0.610989
0.629060
0.633455
0.610745
0.546276
0.452747
0.404396
0.428327
0.503053
0.544811
0.515751
0.464225
0.403663
0.358486
0.406838
0.534066
0.668132
0.728449
0.677656
0.585836
0.530891
0.576801
0.665690
0.702076
0.500855
0.512576
0.471307
0.408547
0.349939
0.339194
0.388278
0.463004
0.520391
0.543834
0.521368
0.487180
0.465201
0.459585
0.486447
0.522344
0.514530
0.456410
0.447863
0.498657
0.539438
0.548230
0.543101
0.526740
0.495238
0.453724
0.428327
0.451282
0.510134
0.578022
0.603907
0.544322
0.425397
0.312821
0.265690
0.289377
0.344322
0.402442
0.445910
0.453724
0.463004
0.489866
0.536752
0.591453
0.639560
0.622466
0.539438
0.459341
0.432234
0.486935
0.538462
0.548718
0.521856
0.425885
0.303053
0.247375
0.295971
0.427350
0.543590
0.568987
0.506471
0.438828
0.464957
0.556288
0.520879
0.553114
0.565812
0.551404
0.541392
0.540904
0.551160
0.572894
0.600244
0.637607
0.671795
0.661538
0.599023
0.523810
0.467888
0.452259
0.456654
0.445177
0.433211
0.454457
0.491087
0.526984
0.544322
0.554823
0.556044
0.535531
0.505983
0.486935
0.488156
0.520391
0.552625
0.565079
0.552381
0.516728
0.477412
0.474970
0.509402
0.536264
0.549206
0.537241
0.507937
0.468132
0.410745
0.380952
0.418315
0.510134
0.576557
0.581929
0.542857
0.495971
0.496703
0.547741
0.594628
0.592430
0.517460
0.428083
0.394628
0.420757
0.473993
0.510623
0.503541
0.441758
0.365568
0.325763
0.487424
0.464225
0.479121
0.487180
0.476679
0.460073
0.442247
0.428816
0.430037
0.443956
0.496459
0.579731
0.641270
0.649817
0.615385
0.570452
0.546032
0.534799
0.500122
0.456410
0.438095
0.443468
0.461538
0.479121
0.506471
0.531868
0.534310
0.514530
0.482051
0.463248
0.478388
0.511600
0.548718
0.570940
0.554090
0.510623
0.490110
0.500855
0.529182
0.565079
0.587057
0.596825
0.574603
0.498413
0.412698
0.384127
0.436142
0.508425
0.552137
0.542125
0.494261
0.477656
0.521123
0.608059
0.668376
0.644200
0.567277
0.501587
0.485959
0.519902
0.575824
0.613431
0.586081
0.509158
0.480830
0.424664
0.390965
0.390232
0.438095
0.516484
0.580952
0.593407
0.563126
0.512332
0.467643
0.461783
0.478877
0.505006
0.527473
0.509158
0.464957
0.464469
0.522589
0.547985
0.523565
0.487180
0.459096
0.436386
0.422955
0.433455
0.479121
0.529182
0.546276
0.511600
0.422955
0.332357
0.298901
0.354823
0.463492
0.556532
0.608791
0.625397
0.611233
0.599023
0.611722
0.628327
0.632967
0.610012
0.547497
0.452503
0.403907
0.429060
0.502076
0.545788
0.516728
0.464957
0.402442
0.358486
0.408303
0.534066
0.668132
0.728449
0.679121
0.584615
0.530647
0.577045
0.663492
0.701832
0.502076
0.513309
0.471062
0.408059
0.350183
0.339438
0.387302
0.462759
0.519658
0.543834
0.522344
0.485959
0.465690
0.459096
0.485470
0.523077
0.515263
0.457875
0.449328
0.499634
0.540415
0.549451
0.542613
0.525519
0.494994
0.453724
0.429304
0.450794
0.509890
0.576801
0.602686
0.545788
0.425885
0.312576
0.263980
0.289377
0.343346
0.403175
0.445421
0.453236
0.463248
0.489377
0.535775
0.592186
0.639805
0.622711
0.541148
0.458364
0.432967
0.486447
0.538217
0.548962
0.520391
0.426374
0.304518
0.248107
0.294994
0.428327
0.544567
0.568987
0.507448
0.441270
0.463004
0.555067
0.520635
0.553846
0.566545
0.551404
0.541880
0.541880
0.550916
0.574603
0.600488
0.638339
0.672039
0.661294
0.599512
0.523810
0.467643
0.451770
0.455433
0.445177
0.432234
0.455189
0.491819
0.525519
0.543834
0.555800
0.555067
0.535531
0.506960
0.486691
0.488645
0.521368
0.553114
0.563858
0.551648
0.515995
0.476435
0.474481
0.508669
0.535775
0.549206
0.536752
0.508913
0.467888
0.410989
0.381685
0.419292
0.510134
0.576557
0.583639
0.542857
0.495238
0.496459
0.547497
0.594628
0.589988
0.517705
0.429060
0.391941
0.422466
0.474725
0.510379
0.502320
0.443223
0.366789
0.324786
0.486447
0.464225
0.479609
0.486691
0.477167
0.460317
0.441758
0.430281
0.430769
0.443956
0.496459
0.581441
0.640781
0.649573
0.615629
0.569963
0.546276
0.535287
0.498413
0.456654
0.437851
0.443223
0.461294
0.479854
0.505250
0.531380
0.534310
0.515751
0.481563
0.463004
0.479365
0.512332
0.548962
0.570940
0.554335
0.509646
0.490843
0.499634
0.528449
0.564591
0.587057
0.598291
0.576068
0.497436
0.410989
0.384371
0.435897
0.508913
0.552381
0.542369
0.494017
0.476923
0.522833
0.607082
0.668864
0.643956
0.566545
0.501099
0.486203
0.520635
0.574603
0.612210
0.586569
0.509646
0.483028
0.424908
0.389988
0.390232
0.438095
0.514530
0.578266
0.595849
0.562637
0.510867
0.469109
0.462027
0.478388
0.504518
0.529426
0.511355
0.463980
0.464713
0.524786
0.546764
0.521856
0.487668
0.459341
0.435409
0.422955
0.433211
0.477656
0.527717
0.548230
0.513309
0.422466
0.330891
0.301343
0.355556
0.461050
0.557021
0.608059
0.622955
0.611477
0.599756
0.611966
0.626618
0.633700
0.610989
0.545055
0.452503
0.406349
0.428327
0.502076
0.547497
0.517460
0.462027
0.401954
0.361172
0.408303
0.534310
0.669353
0.728205
0.677656
0.584615
0.531868
0.575580
0.661538
0.701832
0.502076
0.513553
0.472283
0.407570
0.351160
0.338950
0.385836
0.462515
0.520635
0.543101
0.521612
0.485470
0.464469
0.459096
0.486447
0.523565
0.514530
0.456899
0.449573
0.500366
0.539683
0.549451
0.544078
0.526252
0.494506
0.453724
0.427839
0.450305
0.509890
0.577289
0.602442
0.545788
0.426374
0.311844
0.263248
0.290110
0.346032
0.402930
0.445910
0.455189
0.462271
0.488156
0.536752
0.592430
0.638828
0.623687
0.542125
0.457875
0.429792
0.487912
0.539194
0.547009
0.520391
0.427106
0.303541
0.247131
0.295238
0.429792
0.543834
0.569231
0.508181
0.439316
0.463004
0.556288
0.521612
0.554579
0.564347
0.551160
0.542125
0.542369
0.551404
0.573626
0.601221
0.637607
0.672527
0.661783
0.598535
0.523321
0.467888
0.451770
0.454945
0.444200
0.433211
0.454457
0.491575
0.526252
0.546032
0.554090
0.556044
0.537485
0.506227
0.485226
0.488401
0.522100
0.553114
0.562882
0.552137
0.516484
0.476679
0.473504
0.508181
0.534799
0.549206
0.537485
0.509158
0.467643
0.411477
0.381929
0.419292
0.509158
0.577289
0.583150
0.542125
0.495238
0.497192
0.546276
0.594139
0.591697
0.517705
0.427350
0.393895
0.422222
0.474481
0.509646
0.504274
0.443712
0.366789
0.325031
0.486203
0.463980
0.479365
0.485959
0.476679
0.460562
0.442247
0.430037
0.431013
0.444444
0.497924
0.580220
0.640293
0.648107
0.615873
0.569475
0.547009
0.534799
0.498169
0.455922
0.438095
0.442735
0.461538
0.479365
0.505983
0.531624
0.533822
0.515751
0.481563
0.463980
0.479365
0.512332
0.548962
0.570452
0.555067
0.508425
0.488889
0.501343
0.527228
0.563614
0.587057
0.597802
0.575824
0.499390
0.411722
0.383639
0.434921
0.508669
0.553358
0.542613
0.494261
0.478144
0.523077
0.607570
0.668620
0.643712
0.566056
0.500611
0.487424
0.519414
0.574847
0.612454
0.587057
0.509158
0.481807
0.422955
0.390965
0.390965
0.435165
0.514042
0.580464
0.594139
0.561905
0.512088
0.469353
0.462515
0.478877
0.505495
0.529182
0.510867
0.465446
0.464225
0.522344
0.547497
0.522344
0.486447
0.459585
0.436874
0.421978
0.432479
0.478388
0.529670
0.546276
0.511844
0.423932
0.330891
0.299878
0.356532
0.463492
0.556777
0.608059
0.624176
0.611966
0.599023
0.611966
0.628571
0.632234
0.608547
0.545788
0.452259
0.404396
0.428327
0.502564
0.545299
0.516239
0.465201
0.404396
0.359219
0.409524
0.536020
0.668132
0.727717
0.678144
0.583639
0.530159
0.575824
0.663492
0.700611
0.501099
0.513065
0.471551
0.408059
0.349695
0.339194
0.386813
0.461050
0.519902
0.541880
0.520635
0.484005
0.465446
0.459829
0.485959
0.523810
0.516484
0.457875
0.449328
0.500366
0.540659
0.549939
0.544567
0.526740
0.494994
0.451770
0.428083
0.450061
0.508913
0.576557
0.603175
0.544322
0.424420
0.313309
0.266178
0.289133
0.345055
0.403419
0.445665
0.453724
0.463492
0.488401
0.535287
0.591941
0.639805
0.622711
0.540171
0.457631
0.432479
0.485959
0.537973
0.547741
0.521123
0.424420
0.303297
0.248596
0.297436
0.429304
0.543834
0.569475
0.506471
0.441026
0.463004
0.555556
0.521612
0.554090
0.566056
0.552137
0.540904
0.541636
0.551404
0.575092
0.600000
0.637607
0.672772
0.661538
0.598779
0.523565
0.467155
0.450794
0.455922
0.444933
0.431990
0.454457
0.491331
0.525275
0.545299
0.555067
0.556288
0.537241
0.506960
0.486691
0.488645
0.521123
0.552869
0.563614
0.551648
0.516239
0.476679
0.473504
0.507448
0.534066
0.549451
0.537485
0.508913
0.468132
0.411477
0.381441
0.421245
0.510134
0.576801
0.582173
0.543346
0.495971
0.494994
0.546764
0.593407
0.590476
0.516484
0.428083
0.392918
0.420757
0.475214
0.510134
0.502808
0.443223
0.367766
0.325275
0.486447
0.463004
0.478633
0.487424
0.476435
0.460073
0.441514
0.429792
0.431258
0.444200
0.497680
0.581685
0.640293
0.648596
0.616361
0.569719
0.546276
0.535287
0.498413
0.455678
0.437363
0.442979
0.459585
0.478633
0.504762
0.532357
0.535043
0.516239
0.482051
0.463248
0.478388
0.513797
0.549939
0.570696
0.554090
0.509890
0.489377
0.499390
0.527717
0.563614
0.586325
0.596093
0.574115
0.499634
0.411966
0.385104
0.435653
0.508425
0.553114
0.542613
0.495238
0.479609
0.521368
0.607326
0.668132
0.644689
0.565812
0.500611
0.485959
0.517949
0.575580
0.611477
0.585348
0.510623
0.481807
0.423932
0.389011
0.389255
0.437363
0.514042
0.577778
0.594139
0.563614
0.511844
0.470086
0.463736
0.480830
0.504762
0.530159
0.511600
0.464469
0.463980
0.524054
0.546520
0.522100
0.487180
0.459096
0.434676
0.421490
0.433700
0.477656
0.526740
0.547009
0.514042
0.422955
0.330647
0.301832
0.356532
0.462271
0.556044
0.608791
0.623687
0.611477
0.600244
0.611722
0.626618
0.631746
0.610012
0.544322
0.451526
0.405372
0.427106
0.501587
0.546520
0.518437
0.464225
0.400977
0.360684
0.409280
0.534310
0.668864
0.728205
0.677411
0.584860
0.531624
0.576068
0.661538
0.701832
0.502320
0.514042
0.471307
0.407814
0.351160
0.339927
0.385348
0.461538
0.519658
0.541148
0.521123
0.485959
0.464469
0.459341
0.486203
0.524542
0.515018
0.458364
0.450549
0.501832
0.539927
0.549695
0.543101
0.525275
0.494750
0.453236
0.428327
0.449817
0.509158
0.576313
0.601709
0.543346
0.426129
0.312821
0.264713
0.291331
0.345299
0.403907
0.443956
0.454457
0.463248
0.489377
0.537485
0.592674
0.639316
0.621734
0.540171
0.457631
0.430037
0.485470
0.537485
0.546032
0.519658
0.426129
0.304762
0.247863
0.295971
0.430037
0.544567
0.569475
0.507937
0.440293
0.462515
0.555800
0.521123
0.553846
0.565324
0.552625
0.542125
0.541392
0.551893
0.574359
0.601954
0.637607
0.671306
0.661050
0.598535
0.522344
0.467888
0.451526
0.453724
0.443223
0.431990
0.454457
0.490598
0.526496
0.546764
0.555556
0.556044
0.536996
0.506716
0.486203
0.488889
0.520391
0.552625
0.563858
0.551404
0.516239
0.477167
0.472039
0.508669
0.535043
0.547253
0.537973
0.509646
0.467643
0.411722
0.381685
0.420024
0.509646
0.578022
0.583150
0.543101
0.495727
0.496459
0.546520
0.594628
0.589255
0.516484
0.427839
0.392430
0.422466
0.474481
0.509646
0.504274
0.443712
0.366300
0.326007
0.486447
0.462271
0.480098
0.486447
0.475702
0.460073
0.442735
0.430769
0.430769
0.444933
0.497924
0.580220
0.641026
0.648352
0.616117
0.569963
0.547253
0.535531
0.497192
0.455433
0.438828
0.441026
0.459585
0.479854
0.504762
0.531380
0.533822
0.515263
0.482051
0.463736
0.479121
0.512576
0.549206
0.570452
0.555311
0.509158
0.489377
0.499634
0.527717
0.563614
0.586325
0.595849
0.575336
0.498901
0.412210
0.384371
0.435897
0.507692
0.554579
0.543346
0.494506
0.478144
0.522589
0.608303
0.668132
0.644200
0.566545
0.500122
0.485959
0.518926
0.573382
0.612943
0.586569
0.509402
0.483761
0.423932
0.388523
0.389744
0.436630
0.514774
0.578755
0.594383
0.563126
0.510867
0.469841
0.463980
0.479365
0.505739
0.530403
0.511355
0.464469
0.466178
0.523810
0.544811
0.521368
0.487912
0.457631
0.435165
0.422466
0.432967
0.476435
0.527961
0.547253
0.512576
0.423687
0.332845
0.301343
0.355067
0.464957
0.557753
0.607814
0.623687
0.611966
0.599512
0.609768
0.627350
0.632967
0.608547
0.544078
0.452503
0.405617
0.427350
0.501587
0.546032
0.516728
0.463980
0.403419
0.361416
0.409035
0.535531
0.669353
0.728449
0.677656
0.585104
0.530891
0.574603
0.662027
0.700122
0.501343
0.513553
0.472283
0.407570
0.350672
0.338950
0.385836
0.462027
0.518926
0.540904
0.520879
0.485470
0.464225
0.459096
0.485226
0.524054
0.515018
0.460073
0.450549
0.500855
0.541148
0.550427
0.543590
0.524786
0.494261
0.452259
0.427350
0.448596
0.509890
0.574603
0.601465
0.544811
0.425397
0.311844
0.265201
0.291575
0.345788
0.402686
0.445665
0.455189
0.463980
0.489377
0.536752
0.591453
0.639316
0.621734
0.540415
0.456654
0.430281
0.486447
0.536752
0.546520
0.520147
0.425641
0.302076
0.249328
0.297436
0.429548
0.545543
0.570696
0.508425
0.439805
0.464225
0.557753
0.520635
0.554579
0.565812
0.552381
0.542369
0.541880
0.550672
0.573871
0.600488
0.637607
0.672772
0.661538
0.597558
0.521856
0.467155
0.451526
0.453480
0.444200
0.431990
0.454457
0.491087
0.526984
0.545299
0.554335
0.556288
0.538217
0.506716
0.486447
0.490354
0.521612
0.551893
0.562637
0.550916
0.516239
0.475946
0.473260
0.506960
0.533822
0.549206
0.538217
0.508181
0.468132
0.410989
0.381685
0.419048
0.510867
0.578510
0.581441
0.542857
0.496215
0.495727
0.546032
0.594383
0.590720
0.515018
0.427839
0.393651
0.422222
0.473016
0.509890
0.503053
0.442491
0.367521
0.325763
0.485959
0.463004
0.478633
0.486203
0.475946
0.459341
0.442491
0.430037
0.430525
0.444444
0.498901
0.581685
0.641758
0.649573
0.614896
0.569963
0.546032
0.534799
0.497192
0.455922
0.435897
0.440781
0.459585
0.479365
0.505495
0.530891
0.535287
0.515995
0.481563
0.463980
0.479609
0.512576
0.550183
0.571917
0.555311
0.508913
0.488645
0.499145
0.528694
0.562637
0.585104
0.595849
0.574359
0.498657
0.410989
0.385104
0.436386
0.508913
0.553114
0.542613
0.495238
0.478388
0.522833
0.606838
0.667643
0.644933
0.567033
0.500611
0.485470
0.517216
0.575336
0.611477
0.584860
0.508913
0.481563
0.423443
0.390232
0.389744
0.435165
0.514042
0.579243
0.594628
0.562637
0.513065
0.470086
0.462515
0.480586
0.506471
0.528694
0.510867
0.467155
0.464225
0.523321
0.547253
0.520879
0.485714
0.457631
0.434921
0.421734
0.432234
0.477900
0.527961
0.546764
0.513797
0.424908
0.331868
0.302320
0.356777
0.463980
0.556532
0.608547
0.623687
0.611233
0.598535
0.610989
0.626618
0.629304
0.609524
0.546032
0.451282
0.404396
0.427839
0.502808
0.546032
0.517949
0.465201
0.403663
0.359463
0.409768
0.535287
0.668376
0.728205
0.679853
0.584371
0.530647
0.574847
0.662515
0.698169
0.502076
0.513065
0.471795
0.408547
0.348718
0.338706
0.386325
0.461294
0.519170
0.541392
0.519902
0.485226
0.463980
0.459829
0.485226
0.523565
0.515507
0.458364
0.450305
0.502320
0.540904
0.549695
0.543834
0.525763
0.493529
0.453236
0.428327
0.448596
0.507204
0.575336
0.601954
0.543590
0.424908
0.313797
0.266911
0.290843
0.345299
0.404396
0.446154
0.454212
0.464957
0.489622
0.536264
0.592186
0.639316
0.621001
0.539194
0.457387
0.430037
0.485470
0.537729
0.547253
0.518681
0.424176
0.305006
0.248352
0.296215
0.430037
0.546032
0.569475
0.508913
0.441758
0.465201
0.554335
0.521368
0.554335
0.565812
0.552869
0.541148
0.542857
0.552137
0.574603
0.600488
0.637851
0.672283
0.661050
0.596581
0.522344
0.467643
0.450061
0.453968
0.443712
0.431258
0.454457
0.491819
0.526252
0.546032
0.556532
0.556532
0.536996
0.507204
0.487668
0.488401
0.521123
0.552137
0.563370
0.550183
0.515751
0.475458
0.472528
0.507692
0.534554
0.548230
0.538217
0.509158
0.468132
0.412943
0.382662
0.419292
0.509646
0.577289
0.583394
0.543834
0.495727
0.495238
0.545788
0.594628
0.589255
0.516484
0.428327
0.392918
0.419780
0.473993
0.509646
0.502808
0.442979
0.367521
0.326740
0.485226
0.463248
0.477900
0.486447
0.475946
0.459585
0.441758
0.430769
0.431746
0.445910
0.498413
0.582173
0.640781
0.648596
0.616117
0.569475
0.546032
0.534310
0.497436
0.454701
0.436386
0.442002
0.460073
0.478144
0.505006
0.531380
0.534799
0.515995
0.482784
0.463980
0.480098
0.512821
0.549939
0.571673
0.554823
0.509402
0.488401
0.498901
0.527961
0.563126
0.584127
0.595604
0.573871
0.497924
0.411233
0.384860
0.436630
0.509402
0.553846
0.542125
0.495482
0.478144
0.523810
0.610012
0.667643
0.644200
0.567033
0.499145
0.484738
0.518193
0.574847
0.611477
0.584127
0.509890
0.482540
0.423199
0.387790
0.389499
0.436630
0.514042
0.577045
0.594383
0.563614
0.511600
0.469353
0.464469
0.480098
0.505495
0.530403
0.512088
0.465934
0.463736
0.523810
0.546032
0.520147
0.486203
0.457875
0.434188
0.420513
0.433211
0.477167
0.526496
0.547009
0.514286
0.423932
0.332601
0.304762
0.357509
0.462515
0.556044
0.608791
0.622466
0.610501
0.599267
0.610745
0.625641
0.631013
0.609768
0.544567
0.450061
0.404396
0.427839
0.500855
0.546032
0.518193
0.465934
0.403907
0.360928
0.410012
0.534310
0.669597
0.728938
0.678632
0.584615
0.530647
0.575336
0.659585
0.699145
0.501587
0.514042
0.471062
0.408059
0.352137
0.338950
0.385836
0.460073
0.518193
0.541148
0.521123
0.485470
0.464713
0.459096
0.485714
0.524054
0.516728
0.460562
0.452747
0.501343
0.539927
0.549451
0.543101
0.525763
0.493773
0.454212
0.426618
0.447863
0.508425
0.576313
0.600244
0.543590
0.426862
0.314042
0.266422
0.291087
0.346764
0.404151
0.446398
0.455189
0.463492
0.488401
0.536264
0.591941
0.638095
0.621245
0.539927
0.457143
0.429060
0.484005
0.537485
0.547009
0.519414
0.426862
0.303785
0.247863
0.296215
0.429792
0.545543
0.571429
0.508913
0.441758
0.464225
0.555800
0.520879
0.554335
0.566545
0.552625
0.542369
0.543101
0.552137
0.574847
0.601954
0.638095
0.669841
0.660073
0.597802
0.521123
0.464957
0.451038
0.454457
0.442735
0.431013
0.453236
0.490598
0.527228
0.546032
0.556777
0.555556
0.537729
0.508669
0.486691
0.489133
0.521368
0.552625
0.562149
0.550916
0.514042
0.474970
0.471551
0.506960
0.533822
0.547741
0.537973
0.509158
0.468620
0.412454
0.383150
0.419780
0.509646
0.577289
0.583639
0.542125
0.495971
0.495727
0.546276
0.592674
0.589988
0.516484
0.427106
0.392430
0.422222
0.473504
0.508669
0.502564
0.443223
0.368010
0.324786
0.486447
0.462027
0.478388
0.485714
0.475214
0.458608
0.442979
0.431502
0.431502
0.444933
0.499145
0.582173
0.642002
0.649084
0.615140
0.569231
0.545788
0.534310
0.496703
0.455189
0.437118
0.442247
0.459341
0.479121
0.505250
0.529915
0.535043
0.517216
0.482540
0.463492
0.480342
0.513553
0.549939
0.571429
0.555311
0.509158
0.487912
0.499145
0.527228
0.561905
0.583394
0.595849
0.574115
0.498169
0.412454
0.384860
0.435165
0.509890
0.554335
0.543346
0.495971
0.478144
0.522589
0.607570
0.667643
0.644200
0.567521
0.500611
0.485470
0.516728
0.575336
0.610745
0.584127
0.507937
0.482540
0.422711
0.388278
0.388767
0.436386
0.513309
0.577778
0.594872
0.562882
0.510623
0.470330
0.464713
0.479854
0.506960
0.530647
0.511844
0.465446
0.464957
0.524298
0.544567
0.520147
0.485959
0.457143
0.432723
0.421001
0.432234
0.475702
0.527228
0.547741
0.513309
0.424664
0.333822
0.304029
0.356777
0.463980
0.557998
0.608303
0.623443
0.612210
0.598535
0.607814
0.625885
0.631502
0.608303
0.543101
0.451770
0.404884
0.426129
0.501099
0.547009
0.518437
0.465201
0.405128
0.362393
0.408059
0.535043
0.671062
0.728449
0.678144
0.585592
0.529182
0.573382
0.660073
0.700122
0.501832
0.514286
0.472772
0.407570
0.349206
0.337241
0.384860
0.460806
0.519658
0.540171
0.520391
0.485470
0.463492
0.459096
0.485959
0.524542
0.516972
0.460806
0.450794
0.502076
0.541636
0.549451
0.544322
0.525763
0.494750
0.452015
0.426618
0.448107
0.507204
0.573626
0.600488
0.545543
0.425397
0.313553
0.266911
0.292064
0.345788
0.403419
0.446398
0.457143
0.462271
0.489377
0.536264
0.590476
0.638095
0.621978
0.539927
0.456654
0.429548
0.485226
0.536264
0.545543
0.520635
0.424908
0.304029
0.250794
0.297436
0.429060
0.545543
0.571184
0.508669
0.441758
0.464225
0.557021
0.520635
0.553602
0.565812
0.554090
0.542857
0.543346
0.551648
0.574603
0.601221
0.637607
0.672283
0.661050
0.594872
0.520879
0.466178
0.449817
0.453968
0.443712
0.431990
0.453480
0.490843
0.527473
0.546032
0.555800
0.556044
0.538950
0.507937
0.486935
0.490110
0.522100
0.552137
0.562393
0.551893
0.513065
0.474237
0.473016
0.506716
0.533822
0.547985
0.538462
0.509158
0.468132
0.413431
0.383150
0.419048
0.510379
0.578022
0.582662
0.542857
0.496703
0.496459
0.545299
0.592430
0.590476
0.515995
0.426129
0.392674
0.420024
0.472283
0.509890
0.504518
0.442247
0.367277
0.326740
0.485714
0.462027
0.477656
0.485226
0.475214
0.459585
0.441514
0.430281
0.432967
0.446886
0.499145
0.582173
0.641758
0.649573
0.614408
0.569719
0.545543
0.534310
0.496703
0.454457
0.435897
0.440049
0.458120
0.479121
0.505495
0.530891
0.535775
0.516972
0.482051
0.464469
0.480586
0.513797
0.551160
0.571917
0.553846
0.509402
0.488401
0.499390
0.526252
0.562149
0.584860
0.594628
0.573626
0.498901
0.412210
0.384127
0.436630
0.509158
0.555067
0.543590
0.496215
0.479365
0.521856
0.608791
0.667643
0.644200
0.565324
0.500366
0.483517
0.517460
0.573138
0.610989
0.584371
0.507692
0.481563
0.421978
0.389011
0.388278
0.435165
0.513065
0.578999
0.593651
0.562637
0.512332
0.470818
0.462271
0.481563
0.508913
0.531868
0.511111
0.466667
0.465201
0.522589
0.545543
0.520635
0.484005
0.455922
0.434188
0.421001
0.431990
0.478144
0.528205
0.547009
0.513065
0.424664
0.334066
0.302320
0.359219
0.463492
0.557021
0.608303
0.624420
0.611722
0.597070
0.608791
0.626374
0.629548
0.608059
0.544567
0.451038
0.403175
0.426618
0.503297
0.546520
0.517705
0.465934
0.403907
0.360928
0.409280
0.536264
0.669597
0.728938
0.679121
0.584615
0.527961
0.573138
0.659585
0.697680
0.502076
0.514042
0.471795
0.408547
0.350672
0.338706
0.386081
0.459585
0.516972
0.540659
0.520635
0.484249
0.462759
0.459096
0.485959
0.525275
0.518193
0.461294
0.450794
0.503541
0.541636
0.549695
0.543346
0.526496
0.492552
0.451038
0.427106
0.448840
0.508181
0.574115
0.600244
0.543590
0.424664
0.314530
0.266178
0.291087
0.346520
0.405372
0.446886
0.455189
0.463492
0.490354
0.535531
0.591697
0.639560
0.621490
0.538462
0.455678
0.429060
0.484493
0.536508
0.547985
0.519658
0.424176
0.304029
0.248352
0.297192
0.430281
0.547253
0.571429
0.508669
0.440781
0.463980
0.555067
0.520879
0.553602
0.566056
0.553602
0.543346
0.543590
0.552137
0.574603
0.600488
0.637607
0.671062
0.659341
0.596825
0.521612
0.464713
0.448840
0.453968
0.443223
0.431502
0.453480
0.490843
0.527473
0.545788
0.556532
0.557998
0.537729
0.507937
0.487912
0.490354
0.522344
0.553114
0.561661
0.550916
0.512821
0.475458
0.471062
0.506471
0.534310
0.547741
0.537485
0.509158
0.468865
0.412943
0.382662
0.420757
0.510867
0.577045
0.584127
0.544567
0.495727
0.495482
0.545299
0.592186
0.588278
0.516239
0.426618
0.391453
0.419292
0.472528
0.509646
0.504029
0.443223
0.369475
0.326984
0.485470
0.460562
0.476191
0.485470
0.475702
0.459341
0.442735
0.431258
0.432723
0.445421
0.498901
0.583639
0.643712
0.649084
0.615385
0.569475
0.544567
0.532845
0.496703
0.453480
0.434921
0.441026
0.459096
0.477656
0.505983
0.531380
0.534310
0.516728
0.482051
0.464957
0.481075
0.514286
0.551404
0.571184
0.554823
0.508913
0.487668
0.498413
0.525763
0.562149
0.584127
0.594872
0.574359
0.497680
0.410501
0.385592
0.435653
0.510623
0.554823
0.543590
0.496703
0.478144
0.523565
0.608059
0.667399
0.644200
0.566545
0.499390
0.484005
0.517216
0.572405
0.610501
0.583639
0.509402
0.482051
0.422955
0.388523
0.387790
0.435653
0.513065
0.576557
0.593162
0.563858
0.511355
0.469841
0.465690
0.481075
0.507448
0.532112
0.514286
0.465934
0.465690
0.523321
0.544567
0.519170
0.484982
0.457143
0.431746
0.420513
0.431990
0.476923
0.526496
0.548230
0.514042
0.424908
0.332845
0.305006
0.357509
0.463004
0.557753
0.609280
0.623443
0.610745
0.598779
0.609280
0.624664
0.630769
0.608547
0.542857
0.451282
0.404396
0.427350
0.501343
0.547741
0.518926
0.465446
0.403419
0.362637
0.409768
0.536020
0.671062
0.729670
0.677900
0.584371
0.528449
0.572650
0.658364
0.698657
0.502076
0.515263
0.472772
0.410256
0.350916
0.337241
0.385348
0.459585
0.517949
0.540415
0.519170
0.484005
0.463248
0.459585
0.485959
0.525031
0.517216
0.459585
0.453968
0.503053
0.542613
0.550427
0.544078
0.525275
0.493040
0.451526
0.426618
0.446642
0.507448
0.575092
0.599756
0.543346
0.426129
0.313797
0.265201
0.291087
0.347253
0.404640
0.447863
0.457143
0.464225
0.488401
0.536508
0.590965
0.637607
0.620757
0.538462
0.455189
0.428083
0.484005
0.537241
0.547009
0.519658
0.426862
0.303297
0.248107
0.298169
0.430769
0.546276
0.573138
0.509890
0.440537
0.463004
0.556777
0.520879
0.554579
0.565568
0.553358
0.543101
0.543834
0.553114
0.574603
0.600488
0.637607
0.671062
0.660562
0.596581
0.520391
0.465201
0.448596
0.452259
0.442979
0.431990
0.453968
0.490354
0.526984
0.547741
0.556532
0.556532
0.538217
0.508181
0.487180
0.490354
0.521856
0.552137
0.562393
0.549695
0.513065
0.473993
0.471795
0.506716
0.532601
0.546520
0.537485
0.508669
0.469109
0.414164
0.384371
0.421001
0.509158
0.579487
0.583883
0.543346
0.495971
0.494750
0.543834
0.592674
0.589011
0.515507
0.425885
0.391697
0.420269
0.472039
0.509890
0.504762
0.443468
0.368498
0.326740
0.485959
0.461538
0.477167
0.484982
0.474970
0.459096
0.442491
0.431990
0.432479
0.446398
0.499634
0.583639
0.642247
0.648840
0.614896
0.568987
0.544811
0.533822
0.495238
0.453968
0.435897
0.440537
0.458608
0.478388
0.504274
0.530891
0.535531
0.516728
0.482540
0.465201
0.481807
0.514286
0.550427
0.571429
0.554335
0.508669
0.487912
0.498169
0.526496
0.560928
0.583883
0.594383
0.573626
0.498657
0.411233
0.384860
0.436386
0.510379
0.555556
0.544322
0.496703
0.478877
0.522589
0.606349
0.668620
0.644200
0.566789
0.498657
0.483517
0.516239
0.571673
0.610256
0.584615
0.508913
0.481075
0.421245
0.388767
0.388278
0.435165
0.511111
0.577778
0.594139
0.561905
0.512332
0.471795
0.464469
0.481075
0.509158
0.532112
0.511600
0.466911
0.466178
0.523077
0.545543
0.520147
0.485470
0.454457
0.433700
0.420757
0.430525
0.475946
0.528938
0.547985
0.513797
0.424420
0.334554
0.304029
0.357753
0.463492
0.557265
0.608303
0.623932
0.611966
0.598046
0.608791
0.625153
0.630525
0.606838
0.543346
0.451526
0.403907
0.426129
0.502320
0.548230
0.517216
0.465201
0.404884
0.361661
0.410012
0.537485
0.671306
0.728938
0.678144
0.584371
0.528449
0.572161
0.659341
0.696703
0.501832
0.514774
0.473993
0.409768
0.349939
0.337729
0.384127
0.459829
0.516239
0.539194
0.519658
0.483517
0.463004
0.460073
0.486203
0.525763
0.518193
0.459829
0.451282
0.503053
0.543101
0.551404
0.543101
0.526007
0.494750
0.451282
0.425153
0.447619
0.506471
0.572894
0.600977
0.544322
0.425153
0.313065
0.265934
0.290843
0.346764
0.405617
0.448596
0.456410
0.464469
0.490354
0.536996
0.589255
0.637118
0.621490
0.537729
0.456166
0.428327
0.485714
0.535287
0.546032
0.517949
0.424420
0.305006
0.248596
0.298657
0.430281
0.546032
0.573382
0.510379
0.441758
0.463980
0.555800
0.521123
0.553358
0.564835
0.553358
0.542125
0.543101
0.552625
0.576068
0.600733
0.637607
0.672527
0.660073
0.595604
0.519658
0.464713
0.448107
0.452991
0.443223
0.430525
0.454457
0.491331
0.526984
0.546032
0.557021
0.557753
0.537973
0.508669
0.487912
0.489866
0.521612
0.552625
0.562393
0.548718
0.513065
0.474970
0.472039
0.506227
0.533578
0.546764
0.537973
0.508181
0.468620
0.414408
0.383150
0.421245
0.511600
0.578022
0.583883
0.543101
0.495727
0.495482
0.544322
0.593651
0.589011
0.515507
0.425397
0.393162
0.420269
0.472528
0.510379
0.503785
0.442735
0.367766
0.328205
0.484982
0.461538
0.476679
0.484738
0.474725
0.459585
0.442979
0.430281
0.433455
0.447619
0.499390
0.583150
0.642491
0.649328
0.615629
0.569963
0.544567
0.532112
0.496459
0.452747
0.435409
0.439805
0.458852
0.478144
0.504518
0.531624
0.535775
0.517460
0.483761
0.465934
0.482051
0.513797
0.550183
0.570696
0.553602
0.509646
0.488889
0.499634
0.524542
0.560928
0.583394
0.594628
0.572405
0.497924
0.412210
0.384371
0.437851
0.509646
0.555556
0.545055
0.496703
0.478144
0.523565
0.608059
0.667643
0.643956
0.565568
0.498657
0.484982
0.516728
0.573138
0.609035
0.583394
0.508669
0.481319
0.421734
0.388034
0.387057
0.433944
0.513065
0.576801
0.592186
0.562637
0.513797
0.470818
0.464469
0.482784
0.509402
0.530891
0.511844
0.467155
0.464957
0.522589
0.545788
0.521123
0.484493
0.455189
0.433700
0.419536
0.429792
0.476191
0.527717
0.547741
0.513309
0.425885
0.335043
0.303053
0.358242
0.465690
0.557509
0.608791
0.624176
0.611722
0.595604
0.607570
0.624420
0.628816
0.606349
0.544322
0.451282
0.402930
0.428083
0.503053
0.546276
0.517949
0.465934
0.404151
0.362149
0.410256
0.536752
0.670085
0.729670
0.678632
0.583639
0.527717
0.573138
0.658608
0.695727
0.502320
0.516239
0.473749
0.408059
0.348962
0.339927
0.383394
0.458120
0.516972
0.539194
0.518681
0.483761
0.463248
0.460317
0.486691
0.525031
0.516972
0.461538
0.452015
0.504029
0.542613
0.550916
0.544078
0.527473
0.493285
0.451038
0.424908
0.447131
0.506227
0.573626
0.600733
0.544078
0.424420
0.314774
0.267399
0.291087
0.346764
0.405861
0.448840
0.456166
0.464713
0.491087
0.534554
0.590965
0.637851
0.618803
0.538217
0.455678
0.428816
0.484005
0.535775
0.545543
0.519414
0.425397
0.304274
0.250305
0.297924
0.430525
0.547253
0.573626
0.508425
0.443468
0.464469
0.555067
0.519902
0.553846
0.566300
0.553602
0.543101
0.543346
0.553358
0.575336
0.601709
0.638095
0.670818
0.659096
0.596581
0.519902
0.464225
0.448107
0.452747
0.443468
0.430037
0.453968
0.491819
0.527228
0.545788
0.555556
0.558242
0.539438
0.508181
0.487668
0.489622
0.521123
0.551893
0.561416
0.549939
0.514042
0.474481
0.472039
0.505739
0.532601
0.546520
0.537973
0.507204
0.470818
0.414164
0.383883
0.422711
0.511111
0.576557
0.584127
0.542857
0.495238
0.495727
0.545055
0.593407
0.587790
0.515751
0.427350
0.391453
0.420024
0.472528
0.508669
0.502320
0.443468
0.369231
0.326984
0.485959
0.460317
0.476435
0.484005
0.474970
0.459096
0.442491
0.432723
0.433455
0.445910
0.500366
0.583639
0.642491
0.650061
0.615873
0.569963
0.544567
0.532112
0.495727
0.453236
0.434676
0.440293
0.458364
0.477167
0.504518
0.530891
0.534554
0.517460
0.484005
0.465934
0.481563
0.514042
0.551404
0.571429
0.554090
0.508913
0.488401
0.498657
0.525031
0.560928
0.581929
0.592918
0.573871
0.497680
0.411722
0.385836
0.436630
0.510134
0.555311
0.545055
0.495971
0.478144
0.524054
0.608547
0.668132
0.643223
0.566056
0.498657
0.485226
0.516972
0.572894
0.609524
0.583639
0.506471
0.481563
0.422711
0.387057
0.386813
0.435653
0.511355
0.575580
0.593651
0.563614
0.512576
0.471307
0.465446
0.482540
0.508913
0.530891
0.513065
0.466422
0.464225
0.524054
0.545788
0.519414
0.484982
0.456410
0.433211
0.417827
0.430525
0.475946
0.526007
0.547497
0.514042
0.426129
0.333822
0.305006
0.358242
0.465201
0.557753
0.610256
0.622955
0.610012
0.598779
0.609524
0.623443
0.628571
0.607326
0.543346
0.449573
0.404640
0.429548
0.501099
0.546764
0.517705
0.467155
0.404884
0.363370
0.410989
0.536996
0.670330
0.729915
0.678877
0.581929
0.528449
0.573138
0.658852
0.694994
0.501343
0.515018
0.474237
0.409035
0.350427
0.338950
0.383639
0.458608
0.516728
0.539438
0.517705
0.483761
0.463248
0.459585
0.487424
0.526252
0.516239
0.459341
0.453480
0.503297
0.543346
0.551648
0.544567
0.526496
0.493529
0.452259
0.425885
0.444689
0.504274
0.573382
0.600733
0.543346
0.424420
0.313553
0.266911
0.292064
0.348474
0.404884
0.449328
0.456654
0.465934
0.490354
0.536508
0.590965
0.636874
0.619780
0.538706
0.454457
0.427595
0.483761
0.536508
0.546032
0.519170
0.425153
0.305983
0.248352
0.297192
0.432479
0.547009
0.572894
0.510623
0.443712
0.463980
0.554823
0.520391
0.555067
0.566300
0.552381
0.542613
0.543101
0.552625
0.575580
0.600977
0.637851
0.672039
0.659585
0.595604
0.519414
0.463736
0.449573
0.452503
0.442247
0.430525
0.454457
0.490354
0.525763
0.546520
0.557021
0.557509
0.539438
0.510134
0.488645
0.489622
0.521368
0.552381
0.561172
0.549451
0.513553
0.473504
0.471795
0.505739
0.533089
0.545788
0.537241
0.508913
0.469353
0.413431
0.384127
0.421978
0.512576
0.577045
0.585836
0.542857
0.493285
0.495482
0.545543
0.591453
0.588034
0.515995
0.426374
0.391453
0.420024
0.472528
0.508669
0.502808
0.443956
0.368498
0.326496
0.484738
0.461538
0.476923
0.484493
0.474237
0.459096
0.442979
0.431990
0.434432
0.447619
0.500611
0.583883
0.642735
0.650549
0.615140
0.568498
0.545299
0.533333
0.495482
0.453236
0.434188
0.440293
0.458608
0.476679
0.504274
0.530647
0.534799
0.517460
0.483272
0.465934
0.482051
0.516484
0.551893
0.571429
0.554335
0.508913
0.488156
0.498413
0.523810
0.560195
0.581685
0.593162
0.573626
0.498413
0.411233
0.386081
0.436874
0.511355
0.555311
0.544322
0.496215
0.478877
0.522833
0.608059
0.667643
0.644689
0.565812
0.498657
0.483761
0.516728
0.572650
0.609768
0.583394
0.505739
